719 719 0 1
720 720 0 1
721 721 720 32
722 722 721 32
723 723 722 32
724 724 723 32
725 725 724 32
726 726 725 32
727 727 726 32
728 728 727 32
729 729 728 32
730 730 729 32
731 731 730 32
732 732 731 32
733 733 732 32
734 734 733 32
735 735 734 32
736 736 735 32
737 737 736 32
738 738 737 32
739 739 738 32
740 740 739 32
741 741 740 32
742 742 741 32
743 743 742 32
744 744 743 32
745 745 744 32
746 746 745 32
747 747 746 32
748 748 747 32
749 749 748 32
750 750 749 32
751 751 750 32
752 752 751 32
753 753 752 32
754 754 753 32
755 755 754 32
756 756 755 32
757 757 756 32
758 758 757 32
759 759 758 32
760 760 759 32
761 761 760 32
762 762 761 32
763 763 762 32
764 764 763 32
765 765 764 32
766 766 765 32
767 767 766 32
768 768 767 32
769 769 768 32
770 770 769 32
771 771 770 32
772 772 771 32
773 773 772 32
774 774 773 32
775 775 774 32
776 776 775 32
777 777 776 32
778 778 777 32
779 779 778 32
780 780 779 32
781 781 780 32
782 782 781 32
783 783 782 32
784 784 783 32
785 785 784 32
786 786 785 32
787 787 786 32
788 788 787 32
789 789 788 32
790 790 789 32
791 791 790 32
792 792 791 32
793 793 792 32
794 794 793 32
795 795 794 32
796 796 795 32
797 797 796 32
798 798 797 32
799 799 798 32
800 800 799 32
801 801 800 32
802 802 801 32
803 803 802 32
804 804 803 32
805 805 804 32
806 806 805 32
807 807 806 32
808 808 807 32
809 809 808 32
810 810 809 32
811 811 810 32
812 812 811 32
813 813 812 32
814 814 813 32
815 815 814 32
816 816 815 32
817 817 816 32
818 818 817 32
819 819 818 32
820 820 819 32
821 821 820 32
822 822 821 32
823 823 822 32
824 824 823 32
825 825 824 32
826 826 825 32
827 827 826 32
828 828 827 32
829 829 828 32
830 830 829 32
831 831 830 32
832 832 831 32
833 833 832 32
834 834 833 32
835 835 834 32
836 836 835 32
837 837 836 32
838 838 837 32
839 839 838 32
840 840 839 32
841 841 840 32
842 842 841 32
843 843 842 32
844 844 843 32
845 845 844 32
846 846 845 32
847 847 846 32
848 848 847 32
849 849 848 32
850 850 849 32
851 851 850 32
852 852 851 32
853 853 852 32
854 854 853 32
855 855 854 32
856 856 855 32
857 857 856 32
858 858 857 32
859 859 858 32
860 860 859 32
861 861 860 32
862 862 861 32
863 863 862 32
864 864 863 32
865 865 864 32
866 866 865 32
867 867 866 32
868 868 867 32
869 869 868 32
870 870 869 32
871 871 870 32
872 872 871 32
873 873 872 32
874 874 873 32
875 875 874 32
876 876 875 32
877 877 876 32
878 878 877 32
879 879 878 32
880 880 879 32
881 880 160 16
